0 0.06070640176600441 0.049413793103448275 0.06548565121412803 0.06206896551724138
10 0.1806512141280353 0.05058620689655172 0.087560706401766 0.05517241379310345
20 0.31051876379690946 0.04482758620689655 0.06622516556291391 0.07127586206896552
30 0.4370860927152318 0.049413793103448275 0.04856512141280353 0.05748275862068966
40 0.5636534216335541 0.049413793103448275 0.0897682119205298 0.0666551724137931
50 0.6880022075055188 0.04482758620689655 0.06917218543046358 0.06206896551724138
60 0.8138300220750553 0.042517241379310344 0.08388520971302428 0.08044827586206896
70 0.9370860927152318 0.049413793103448275 0.06548565121412803 0.06206896551724138
1 0.059602649006622516 0.1482758620689655 0.07358719646799117 0.07127586206896552
11 0.1828587196467991 0.14713793103448278 0.087560706401766 0.06437931034482759
21 0.3057395143487859 0.1482758620689655 0.06107064017660044 0.05748275862068966
31 0.434878587196468 0.15172413793103448 0.0897682119205298 0.059758620689655165
41 0.5610706401766005 0.14941379310344827 0.044889624724061813 0.05058620689655172
51 0.6891059602649007 0.15172413793103448 0.05518763796909492 0.059758620689655165
61 0.8123620309050773 0.15058620689655172 0.045618101545253864 0.05748275862068966
71 0.9389293598233995 0.15286206896551724 0.0515121412803532 0.06206896551724138
2 0.0559271523178808 0.24713793103448276 0.038267108167770424 0.05748275862068966
12 0.185794701986755 0.25403448275862067 0.10816777041942605 0.07127586206896552
22 0.3057395143487859 0.25403448275862067 0.052240618101545254 0.05286206896551724
32 0.4341390728476821 0.2482758620689655 0.08830022075055188 0.05517241379310345
42 0.5584988962472406 0.23793103448275862 0.039735099337748346 0.06206896551724138
52 0.6894812362030904 0.2436896551724138 0.058863134657836644 0.05517241379310345
62 0.8105187637969096 0.2482758620689655 0.025750551876379688 0.041379310344827586
72 0.936346578366446 0.2517241379310345 0.08609271523178808 0.07127586206896552
3 0.05739514348785872 0.35058620689655173 0.08830022075055188 0.04827586206896552
13 0.1850662251655629 0.34713793103448276 0.04782560706401766 0.06437931034482759
23 0.31567328918322296 0.35517241379310344 0.06327814569536423 0.07586206896551724
33 0.4359823399558499 0.35517241379310344 0.03899558498896247 0.0666551724137931
43 0.5610706401766005 0.3459655172413793 0.04047461368653422 0.05286206896551724
53 0.6824834437086094 0.3563103448275862 0.05518763796909492 0.05517241379310345
63 0.8131015452538631 0.35286206896551725 0.05444812362030905 0.0666551724137931
73 0.936346578366446 0.3494137931034483 0.044889624724061813 0.059758620689655165
4 0.05996688741721854 0.44482758620689655 0.0640176600441501 0.06206896551724138
14 0.18322295805739514 0.44482758620689655 0.04120309050772627 0.0666551724137931
24 0.31051876379690946 0.4574827586206896 0.07652317880794701 0.05517241379310345
34 0.4378256070640177 0.4482758620689655 0.0941832229580574 0.059758620689655165
44 0.5599668874172186 0.45517241379310347 0.06181015452538632 0.059758620689655165
16 0.183962472406181 0.6540344827586206 0.04709713024282561 0.06206896551724138
54 0.6854304635761589 0.45058620689655166 0.052240618101545254 0.06896551724137931
64 0.8131015452538631 0.45403448275862063 0.04856512141280353 0.04368965517241379
74 0.9370860927152318 0.4517241379310345 0.05077262693156733 0.05748275862068966
75 0.9385540838852098 0.5551724137931034 0.046357615894039736 0.04827586206896552
65 0.8094150110375277 0.5482758620689655 0.06327814569536423 0.05748275862068966
55 0.6872737306843266 0.5505862068965517 0.04268211920529801 0.04368965517241379
45 0.5614459161147903 0.5494137931034483 0.05003311258278145 0.07355172413793103
35 0.4378256070640177 0.5505862068965517 0.11037527593818984 0.0666551724137931
25 0.30941501103752755 0.5586206896551724 0.0684326710816777 0.059758620689655165
15 0.1817549668874172 0.5413793103448276 0.038267108167770424 0.04827586206896552
5 0.058863134657836644 0.5505862068965517 0.038267108167770424 0.05748275862068966
6 0.05996688741721854 0.6482758620689655 0.04047461368653422 0.05517241379310345
26 0.30758278145695367 0.6563103448275862 0.07210816777041942 0.04827586206896552
36 0.4359823399558499 0.6528620689655172 0.0919757174392936 0.05058620689655172
46 0.5632781456953643 0.6482758620689655 0.06548565121412803 0.059758620689655165
56 0.6824834437086094 0.6517241379310345 0.052240618101545254 0.04827586206896552
66 0.8149337748344372 0.6505862068965517 0.07873068432671082 0.06437931034482759
76 0.9385540838852098 0.6528620689655172 0.06696467991169978 0.05058620689655172
77 0.9352428256070641 0.7494137931034484 0.09271523178807947 0.07355172413793103
67 0.814205298013245 0.7574827586206896 0.08020971302428256 0.0666551724137931
57 0.6872737306843266 0.7540344827586206 0.0559271523178808 0.05058620689655172
47 0.5618101545253863 0.7517241379310344 0.04194260485651214 0.05517241379310345
37 0.435242825607064 0.7540344827586206 0.08314569536423841 0.059758620689655165
27 0.30831125827814565 0.7563103448275863 0.03237306843267108 0.059758620689655165
17 0.18248344370860928 0.7505862068965516 0.0515121412803532 0.05286206896551724
7 0.06107064017660044 0.7494137931034484 0.04709713024282561 0.059758620689655165
8 0.06034216335540839 0.8528620689655173 0.039735099337748346 0.05517241379310345
9 0.06107064017660044 0.9517241379310345 0.08093818984547461 0.059758620689655165
18 0.18358719646799118 0.8528620689655173 0.04782560706401766 0.05058620689655172
19 0.1828587196467991 0.9482758620689655 0.03899558498896247 0.07127586206896552
28 0.3097902869757175 0.8563103448275863 0.06917218543046358 0.05748275862068966
29 0.31015452538631344 0.9563103448275861 0.06548565121412803 0.05058620689655172
38 0.434878587196468 0.8517241379310345 0.10154525386313466 0.0666551724137931
39 0.4359823399558499 0.9528620689655172 0.046357615894039736 0.04827586206896552
48 0.5625496688741722 0.8517241379310345 0.0728476821192053 0.05286206896551724
49 0.5629139072847682 0.9551724137931035 0.05739514348785872 0.06206896551724138
58 0.6872737306843266 0.8482758620689655 0.09713024282560706 0.06437931034482759
59 0.6865342163355408 0.9505862068965518 0.03532008830022075 0.05748275862068966
68 0.8134657836644592 0.8540344827586206 0.08167770419426049 0.05748275862068966
69 0.8105187637969096 0.9540344827586208 0.04194260485651214 0.04596551724137931
78 0.9381898454746137 0.8528620689655173 0.07800220750551877 0.059758620689655165
79 0.9352428256070641 0.9494137931034482 0.08093818984547461 0.04596551724137931