47 0.72890625 0.6822916666666666 0.0390625 0.05625
39 0.8640625 0.6041666666666666 0.0375 0.16666666666666666
39 0.82265625 0.5854166666666667 0.0359375 0.1375
39 0.70625 0.5479166666666667 0.034375 0.1125
71 0.103125 0.6833333333333333 0.20625 0.06666666666666667
39 0.259625 0.6342291666666667 0.037375000000000005 0.15512499999999999
39 0.3230625 0.6423541666666667 0.0455 0.14220833333333335
41 0.3718125 0.6540208333333334 0.055484374999999996 0.13220833333333334
41 0.536328125 0.6294375 0.05639062500000001 0.10802083333333333
39 0.63490625 0.5631458333333333 0.0191875 0.050458333333333334
39 0.65678125 0.5662708333333334 0.025437500000000002 0.06089583333333334
45 0.9608125 0.6879791666666667 0.052265625 0.05429166666666666
45 0.61490625 0.6621458333333333 0.0541875 0.05260416666666667
41 0.180203125 0.6368125 0.035421875000000005 0.0625
39 0.7890625 0.6305625 0.021875 0.13333333333333333
39 0.7833281249999999 0.5986041666666666 0.020828125 0.15