39 0.56953125 0.5697916666666667 0.0484375 0.18541666666666667
39 0.9842812500000001 0.6670416666666666 0.031453125 0.24525
39 0.8493124999999999 0.6818958333333334 0.048640625 0.25545833333333334
41 0.19375 0.6739583333333333 0.15 0.22291666666666668
41 0.803125 0.8385416666666666 0.103125 0.16875
41 0.8734375 0.8604166666666667 0.1 0.15416666666666667
41 0.696875 0.8197916666666667 0.08125 0.14791666666666667
41 0.96171875 0.8666666666666667 0.0734375 0.22083333333333333
41 0.11328125 0.63125 0.1546875 0.25833333333333336
39 0.8988125 0.694125 0.07440625 0.24208333333333334
41 0.607890625 0.8060416666666667 0.09523437500000001 0.16766666666666669
45 0.468375 0.6865 0.06325 0.0714375