46 0.403125 0.8145833333333333 0.125 0.1125
39 0.8671875 0.7052083333333333 0.078125 0.26875
39 0.75703125 0.6145833333333334 0.0421875 0.12916666666666668
45 0.44140625 0.8541666666666666 0.1734375 0.15833333333333333
41 0.85703125 0.9416666666666667 0.1421875 0.1125
39 0.7106874999999999 0.6575624999999999 0.042609375 0.16847916666666668
39 0.64740625 0.6377708333333333 0.044187500000000005 0.17470833333333333
39 0.5838125 0.6181875 0.051390625 0.16054166666666667
39 0.6356875 0.5508541666666668 0.030125000000000002 0.07170833333333333
39 0.6925625 0.5748333333333334 0.036375000000000005 0.07714583333333333
41 0.20509375 0.39768749999999997 0.081453125 0.09454166666666668
41 0.064171875 0.6629791666666667 0.055859375 0.10429166666666667
39 0.41867187499999997 0.66175 0.07421875 0.22683333333333333
39 0.49507812500000004 0.66925 0.08640624999999999 0.24183333333333332
39 0.646875 0.8395833333333333 0.033328125 0.19027083333333333
39 0.7703125 0.8590208333333333 0.019796875 0.15416666666666667