45 0.64453125 0.721875 0.0703125 0.09791666666666667
45 0.4296875 0.6989583333333333 0.059375 0.05625
39 0.50703125 0.6010416666666667 0.0484375 0.26458333333333334
39 0.72578125 0.5770833333333333 0.0390625 0.14583333333333334
39 0.85 0.5666666666666667 0.04375 0.21666666666666667
39 0.95859375 0.6479166666666667 0.0328125 0.14583333333333334
41 0.2046875 0.7708333333333334 0.171875 0.2916666666666667
41 0.69609375 0.7427083333333333 0.0671875 0.14375
41 0.81484375 0.7291666666666666 0.0953125 0.12083333333333333
41 0.90703125 0.7041666666666667 0.0640625 0.14583333333333334
41 0.08046875 0.7552083333333334 0.1609375 0.3729166666666667
39 0.7965 0.578375 0.0543125 0.14483333333333331