47 0.76484375 0.6770833333333334 0.0390625 0.05416666666666667
39 0.621875 0.61875 0.028125 0.13333333333333333
39 0.7765625 0.6208333333333333 0.03125 0.15416666666666667
39 0.5890625 0.58125 0.0375 0.1875
39 0.71015625 0.5885416666666666 0.0296875 0.15208333333333332
39 0.746875 0.6166666666666667 0.028125 0.15416666666666667
39 0.7203125 0.6145833333333334 0.03125 0.14166666666666666
45 0.4703125 0.66875 0.06875 0.05
41 0.24296875 0.646875 0.0359375 0.07291666666666667
71 0.09098437499999999 0.6820625 0.18196874999999998 0.0589375
41 0.20023437500000002 0.6414583333333332 0.037328125000000004 0.05991666666666667
41 0.319765625 0.48552083333333335 0.04134375 0.04835416666666667
39 0.44056249999999997 0.6174166666666667 0.046984375 0.1453125
39 0.46215624999999994 0.6123541666666666 0.038515625 0.14114583333333333
39 0.49074999999999996 0.6087916666666667 0.038515625 0.1530625
46 0.451359375 0.6360833333333333 0.048015625 0.06824999999999999