39 0.06640625 0.6072916666666667 0.0265625 0.08958333333333333
39 0.66015625 0.5885416666666666 0.0234375 0.13541666666666666
39 0.79296875 0.584375 0.0203125 0.07291666666666667
39 0.81875 0.5927083333333333 0.03125 0.08958333333333333
39 0.86484375 0.5697916666666667 0.0265625 0.09791666666666667
71 0.1203125 0.665625 0.228125 0.06041666666666667
41 0.515625 0.628125 0.05 0.11041666666666666
39 0.013765625 0.6230208333333334 0.02753125 0.10316666666666667
41 0.766375 0.6631874999999999 0.037203125 0.05654166666666667
41 0.735859375 0.6488125 0.041671875000000004 0.0714375
41 0.8098906250000001 0.6582291666666666 0.046875 0.0625
45 0.614578125 0.6344166666666666 0.03571875 0.042666666666666665
41 0.029843750000000002 0.5979583333333333 0.059687500000000004 0.12425