45 0.91640625 0.7489583333333333 0.1546875 0.11041666666666666
41 0.55234375 0.84375 0.1859375 0.30833333333333335
39 0.21525 0.8247916666666666 0.11864062500000001 0.35041666666666665
39 0.381171875 0.8127083333333334 0.11173437500000001 0.3745833333333334
39 0.877390625 0.5544166666666667 0.02915625 0.12464583333333333
39 0.914421875 0.5531666666666666 0.037578125000000004 0.11381250000000001
39 0.95784375 0.5498125 0.033203125 0.10714583333333333
39 0.8372343750000001 0.5241875 0.026968750000000003 0.068375
41 0.23337500000000003 0.41875 0.097375 0.11581250000000001
41 0.754171875 0.7083333333333334 0.1375 0.2444375
46 0.9338593749999999 0.7145833333333333 0.128125 0.05416666666666667
41 0.050515624999999995 0.7888958333333334 0.08645312499999999 0.175