41 0.3765625 0.7625 0.1625 0.29583333333333334
47 0.8734375 0.9427083333333334 0.1125 0.11041666666666666
39 0.93046875 0.58125 0.0640625 0.17083333333333334
39 0.61796875 0.5947916666666667 0.0578125 0.14791666666666667
39 0.97734375 0.5697916666666667 0.0421875 0.16041666666666668
45 0.57734375 0.859375 0.1890625 0.16041666666666668
41 0.10078125 0.815625 0.0828125 0.14375
46 0.60709375 0.8226041666666667 0.11981250000000002 0.08187499999999999
39 0.68428125 0.5973333333333334 0.0429375 0.1521875
39 0.7406875 0.6142083333333334 0.040109375 0.11510416666666666
39 0.808640625 0.6642708333333334 0.07915625 0.44856250000000003
39 0.9829687500000001 0.8482500000000001 0.0340625 0.2206875
39 0.7130156249999999 0.7409791666666667 0.026046875000000004 0.10139583333333334