70 0.8609375 0.628125 0.109375 0.15208333333333332
39 0.59296875 0.5864583333333333 0.0234375 0.13125
39 0.75 0.6145833333333334 0.03125 0.13333333333333333
39 0.725 0.6145833333333334 0.021875 0.13333333333333333
39 0.7953125 0.6010416666666667 0.03125 0.16041666666666668
71 0.07109375 0.6708333333333333 0.1421875 0.0625
41 0.3265625 0.653125 0.046875 0.09791666666666667
41 0.439734375 0.6339375 0.06398437500000001 0.12895833333333334
45 0.546875 0.6329375 0.032734374999999996 0.0396875
41 0.6640625 0.6497916666666667 0.037953125 0.0853125
41 0.693828125 0.6627083333333333 0.048359374999999996 0.06547916666666667