70 0.78046875 0.71875 0.3140625 0.5375
41 0.1859375 0.68125 0.06875 0.1
71 0.23515625 0.853125 0.4671875 0.28541666666666665
41 0.506640625 0.7325833333333333 0.06578125 0.11850000000000001
41 0.777546875 0.4222916666666666 0.10134375 0.1020625
39 0.12464062499999999 0.6665416666666667 0.06740625 0.22391666666666668
39 0.028546875 0.7473958333333334 0.047109374999999995 0.235625
41 0.59209375 0.7444583333333333 0.077328125 0.13810416666666667
41 0.155203125 0.8944375 0.095828125 0.1305625
43 0.50625 0.8951458333333334 0.1125 0.1430625
44 0.473953125 0.8854166666666666 0.13125 0.13472916666666668
44 0.493234375 0.9430625 0.071875 0.11389583333333334
44 0.443234375 0.9506875 0.057296875000000004 0.09860416666666666