47 0.321875 0.8833333333333333 0.1 0.1375
39 0.728125 0.7104166666666667 0.090625 0.3958333333333333
39 0.29609375 0.6145833333333334 0.0515625 0.2375
39 0.67734375 0.6697916666666667 0.0796875 0.3645833333333333
39 0.34359375000000003 0.6456041666666666 0.0871875 0.4337916666666667
39 0.521484375 0.7453125 0.058578125 0.27314583333333337
39 0.412890625 0.5719166666666666 0.028296875 0.143
45 0.9234375 0.9611041666666666 0.153125 0.075
45 0.1734375 0.7659791666666667 0.094796875 0.10693749999999999
41 0.09426562499999999 0.6694375 0.130203125 0.21389583333333334
46 0.158859375 0.7520833333333333 0.053125 0.048604166666666664
39 0.78125 0.6465208333333333 0.045828125 0.2819375
39 0.44167187500000005 0.5472291666666667 0.0375 0.1
39 0.390109375 0.5618125 0.028125 0.14027083333333332