39 0.5828125 0.665625 0.059375 0.23958333333333334
39 0.50703125 0.6135416666666667 0.0859375 0.41041666666666665
39 0.25625 0.68375 0.071875 0.32
45 0.17890625 0.8666666666666667 0.1890625 0.16666666666666666
39 0.14095312499999998 0.6955625 0.098390625 0.27539583333333334
39 0.21684375 0.682 0.08051562500000001 0.28397916666666667
39 0.79059375 0.67175 0.092578125 0.39047916666666665
39 0.8090624999999999 0.7278125000000001 0.080421875 0.3537708333333333
39 0.8320000000000001 0.7785833333333334 0.077203125 0.40572916666666664
39 0.874171875 0.748 0.06465625 0.41002083333333333
39 0.884953125 0.7739583333333333 0.06540625 0.40835416666666663
39 0.9584843749999999 0.774125 0.08054687499999999 0.4106875
47 0.9339375000000001 0.9396458333333333 0.12368749999999999 0.12070833333333333
46 0.15175 0.8316458333333333 0.17203125 0.14479166666666668