39 0.52265625 0.6875 0.0984375 0.5083333333333333
39 0.72890625 0.659375 0.0796875 0.36041666666666666
39 0.63125 0.7739583333333333 0.078125 0.3145833333333333
41 0.411484375 0.8499166666666667 0.07860937500000001 0.12397916666666667
39 0.34290625 0.5958749999999999 0.0383125 0.16177083333333334
39 0.404609375 0.5915 0.052359375 0.1571875
39 0.475078125 0.5942083333333333 0.03390625 0.14177083333333332
39 0.454296875 0.5398125 0.02046875 0.05379166666666667
74 0.578640625 0.6736041666666667 0.048953125 0.07222916666666666
39 0.443234375 0.7451458333333334 0.026046875000000004 0.12083333333333333
45 0.30207812500000003 0.8868125 0.19375 0.19027083333333333