47 0.30078125 0.884375 0.0984375 0.14375
39 0.32578125 0.6416666666666667 0.0921875 0.44166666666666665
39 0.65546875 0.684375 0.0765625 0.40625
39 0.70390625 0.740625 0.0921875 0.46458333333333335
39 0.39296875 0.659375 0.0703125 0.3020833333333333
39 0.759375 0.6604166666666667 0.053125 0.32083333333333336
39 0.42890625 0.6375 0.0421875 0.2791666666666667
45 0.14140625 0.7645833333333333 0.0765625 0.1125
41 0.078078125 0.6640416666666666 0.10553125000000001 0.21891666666666668
39 0.503515625 0.7534375 0.06703125 0.29022916666666665
45 0.9142187500000001 0.9554166666666667 0.1715625 0.08916666666666666