39 0.86328125 0.5541666666666667 0.0421875 0.11666666666666667
45 0.90546875 0.7635416666666667 0.1515625 0.11458333333333333
41 0.75 0.78125 0.190625 0.2916666666666667
41 0.60703125 0.8041666666666667 0.1453125 0.30416666666666664
39 0.9052031250000001 0.5550416666666667 0.041015625 0.11339583333333333
39 0.9508125 0.550875 0.032265625 0.12172916666666667
39 0.825359375 0.5231458333333333 0.04071875 0.087125
39 0.340875 0.8139583333333333 0.122359375 0.3720833333333333
39 0.16118749999999998 0.8252083333333334 0.134265625 0.34958333333333336
46 0.500234375 0.7865625 0.09609375 0.07727083333333334
47 0.6131875 0.7625833333333334 0.060125 0.11185416666666666
41 0.19618750000000001 0.424375 0.104265625 0.13125
41 0.026671875 0.8053125 0.05334375 0.1598125
39 0.9375 0.6729166666666667 0.022921875 0.09027083333333333
39 0.9192656250000001 0.5034791666666666 0.023953125 0.0319375
39 0.825 0.6708333333333333 0.016671875 0.06666666666666667