47 0.89140625 0.8979166666666667 0.1046875 0.14583333333333334
39 0.24403125 0.6872083333333333 0.0703125 0.3339166666666667
39 0.484375 0.6052083333333333 0.078125 0.39791666666666664
39 0.55703125 0.6572916666666667 0.0578125 0.23541666666666666
39 0.746875 0.65625 0.06875 0.37083333333333335
39 0.78671875 0.7479166666666667 0.0828125 0.375
39 0.84765625 0.728125 0.0546875 0.35208333333333336
39 0.9140625 0.7177083333333333 0.075 0.31875
45 0.171875 0.8520833333333333 0.184375 0.15833333333333333
39 0.130671875 0.6829999999999999 0.094171875 0.27802083333333333
39 0.20121875 0.6702708333333334 0.08199999999999999 0.29027083333333337
39 0.8332499999999999 0.7119375 0.055874999999999994 0.3656875
39 0.767765625 0.7064791666666667 0.0499375 0.3488125
46 0.154171875 0.7965208333333333 0.172921875 0.1680625