47 0.121875 0.8979166666666667 0.10625 0.15
39 0.0546875 0.7479166666666667 0.0875 0.3875
39 0.12578125 0.7388333333333333 0.0578125 0.386
39 0.20104687499999999 0.7404375000000001 0.08304687499999999 0.3826041666666667
39 0.174359375 0.7227083333333333 0.050249999999999996 0.38341666666666663
39 0.134265625 0.6877916666666667 0.069234375 0.45066666666666666
39 0.08695312499999999 0.7261458333333334 0.0504375 0.3878333333333333
39 0.02225 0.6574166666666666 0.0445 0.2524375
72 0.890828125 0.5 0.21832812499999998 1
74 0.382296875 0.7055625 0.060421875 0.08889583333333334
46 0.017703125 0.91875 0.035421875000000005 0.14860416666666668