39 0.7875 0.6114583333333333 0.03125 0.14375
39 0.63203125 0.625 0.0296875 0.17916666666666667
39 0.41875 0.615625 0.03125 0.16041666666666668
45 0.7078125 0.665625 0.06875 0.052083333333333336
71 0.09765625 0.6791666666666667 0.1953125 0.0625
39 0.848671875 0.6227916666666666 0.045265625 0.14216666666666666
39 0.47673437500000004 0.6215208333333333 0.048625 0.14152083333333335
46 0.575265625 0.6708125 0.046234375 0.040375
41 0.32121875 0.4827083333333333 0.055374999999999994 0.0509375
41 0.20746875 0.638 0.039718750000000004 0.060625000000000005
41 0.249609375 0.6382708333333333 0.038125 0.06689583333333333
39 0.01225 0.6308958333333333 0.0245 0.11629166666666667