39 0.34921875 0.634375 0.0359375 0.19791666666666666
39 0.39375 0.65625 0.059375 0.22083333333333333
39 0.4875 0.5875 0.053125 0.21666666666666667
41 0.35390625 0.8229166666666666 0.1015625 0.16666666666666666
41 0.48359375 0.7864583333333334 0.0796875 0.18125
41 0.41328125 0.815625 0.0734375 0.13958333333333334
41 0.172984375 0.8377916666666666 0.10193749999999999 0.17956249999999999
41 0.26153125 0.8382916666666667 0.103421875 0.1865
41 0.134671875 0.8779791666666666 0.06398437500000001 0.17460416666666667
41 0.0699375 0.9002916666666666 0.06696875 0.1875
72 0.9203906249999999 0.5 0.15921875000000002 1
39 0.041125 0.6217083333333334 0.0581875 0.2636458333333333
41 0.058875 0.7048333333333333 0.11773437499999999 0.266125