47 0.02578125 0.69375 0.0515625 0.0875
39 0.57890625 0.6958333333333333 0.0921875 0.4041666666666667
39 0.275 0.6177083333333333 0.053125 0.24375
39 0.3203125 0.6927083333333334 0.09375 0.38958333333333334
39 0.371875 0.5677083333333334 0.040625 0.15208333333333332
39 0.3234375 0.525 0.08125 0.20416666666666666
39 0.40078125 0.76875 0.0734375 0.3125
45 0.17578125 0.7697916666666667 0.1546875 0.12708333333333333
41 0.25703125 0.778125 0.0484375 0.09375
74 0.647921875 0.7138958333333334 0.052078124999999996 0.08610416666666666
46 0.152078125 0.7493125 0.125 0.056937499999999995
39 0.419265625 0.5395833333333333 0.030203124999999997 0.08472916666666667