45 0.61640625 0.8354166666666667 0.1671875 0.15
41 0.18515625 0.41875 0.1046875 0.10833333333333334
46 0.60234375 0.8114583333333333 0.1640625 0.08125
39 0.492578125 0.7065625 0.09390625 0.320625
39 0.674125 0.5810833333333334 0.03825 0.14466666666666667
39 0.7383437500000001 0.5864999999999999 0.044796875 0.1305
39 0.8039531249999999 0.5937916666666666 0.03853125 0.13258333333333333
39 0.7906718749999999 0.5312708333333334 0.027609375000000002 0.05754166666666667
41 0.9042656250000001 0.7801041666666666 0.082890625 0.09685416666666667
47 0.94159375 0.7132083333333333 0.07320312500000001 0.10056250000000001
39 0.769796875 0.7541666666666667 0.033328125 0.16110416666666666