39 0.60546875 0.5885416666666666 0.0328125 0.16041666666666668
39 0.7203125 0.6208333333333333 0.03125 0.15416666666666667
39 0.66640625 0.6145833333333334 0.0296875 0.15
39 0.74921875 0.603125 0.0265625 0.13958333333333334
45 0.5390625 0.6479166666666667 0.065625 0.05
41 0.228125 0.6427083333333333 0.034375 0.06875
71 0.08359375 0.6791666666666667 0.1671875 0.0625
41 0.186234375 0.63725 0.037828125000000004 0.05595833333333333
41 0.3000625 0.4839583333333334 0.043609375 0.042666666666666665
39 0.45257812499999994 0.6079166666666667 0.047703125 0.12635416666666666
39 0.801296875 0.6193124999999999 0.049953125 0.1411875
46 0.40132812500000004 0.68725 0.08054687499999999 0.03302083333333333