39 0.8265625 0.609375 0.04375 0.18541666666666667
39 0.7671875 0.6364583333333333 0.0375 0.13541666666666666
45 0.63125 0.671875 0.06875 0.04375
71 0.1 0.6822916666666666 0.2 0.06458333333333334
39 0.72334375 0.5961041666666667 0.052296875 0.22470833333333334
39 0.64709375 0.5637708333333333 0.0248125 0.0725625
39 0.67646875 0.5652291666666667 0.0210625 0.06297916666666667
39 0.70021875 0.5662708333333334 0.018562500000000003 0.06089583333333334
39 0.27665625 0.6436041666666666 0.0408125 0.18306250000000002
39 0.33806250000000004 0.6371458333333333 0.0505 0.152625
41 0.44945312499999995 0.6456875 0.05765625 0.11554166666666667
41 0.518671875 0.6531874999999999 0.061703125000000004 0.11387499999999999
41 0.31040625 0.47625 0.0483125 0.0475
41 0.198078125 0.6444166666666666 0.033015625 0.0546875
41 0.23915625000000001 0.6465208333333333 0.030828125 0.0671875
41 0.678640625 0.6645833333333333 0.036453124999999996 0.05416666666666667
47 0.49167187500000004 0.6513958333333334 0.03125 0.05
46 0.443234375 0.6576458333333334 0.061453125 0.03472916666666667