47 0.60625 0.8989583333333333 0.090625 0.14375
39 0.82734375 0.6291666666666667 0.0734375 0.30416666666666664
39 0.62578125 0.55 0.0453125 0.15416666666666667
39 0.7359375 0.6177083333333333 0.065625 0.3145833333333333
39 0.41015625 0.5802083333333333 0.0515625 0.15625
45 0.32421875 0.859375 0.1890625 0.15625
41 0.1 0.803125 0.196875 0.3229166666666667
39 0.539765625 0.6305208333333333 0.08201562500000001 0.40602083333333333
39 0.6692812499999999 0.5448333333333333 0.0379375 0.14714583333333334
39 0.7083437499999999 0.7171875 0.059796875000000006 0.2627083333333333
39 0.355875 0.5848333333333334 0.042359375 0.16052083333333333
39 0.473046875 0.5796250000000001 0.04546875 0.15425000000000003
46 0.362734375 0.8115625000000001 0.10610937499999999 0.06395833333333333
39 0.4546875 0.7263958333333334 0.032296875 0.10833333333333334