47 0.384375 0.8666666666666667 0.090625 0.13333333333333333
39 0.240625 0.5645833333333333 0.071875 0.3458333333333333
39 0.04375 0.6146875 0.0625 0.2763333333333333
39 0.46120312500000005 0.7211875 0.06509374999999999 0.3423541666666667
39 0.41593749999999996 0.6408958333333333 0.042812499999999996 0.3567916666666667
39 0.068765625 0.607125 0.060109375 0.19795833333333332
39 0.3285625 0.6285000000000001 0.058578125 0.22889583333333335
39 0.33825 0.7069166666666666 0.07453125000000001 0.33956250000000004
39 0.378765625 0.6786875 0.06321875 0.3175208333333333
39 0.40490624999999997 0.6986875 0.061171875 0.3240208333333333
39 0.44446874999999997 0.6929583333333333 0.06218749999999999 0.33970833333333333
74 0.659890625 0.7326458333333333 0.06979687500000001 0.09860416666666666