45 0.93203125 0.7604166666666666 0.1328125 0.11666666666666667
41 0.6484375 0.8020833333333334 0.134375 0.30416666666666664
41 0.79140625 0.7791666666666667 0.1828125 0.2875
39 0.22040625 0.8308333333333333 0.1308125 0.33831249999999996
39 0.39273437499999997 0.8200000000000001 0.116109375 0.36000000000000004
41 0.23712499999999997 0.42583333333333334 0.10487500000000001 0.12166666666666666
46 0.5347500000000001 0.7784375 0.109515625 0.09352083333333333
39 0.853328125 0.5431458333333333 0.03728125 0.12714583333333335
39 0.887234375 0.5665 0.039453125 0.10714583333333333
39 0.9264531249999999 0.5587916666666667 0.033515625 0.1125625
39 0.9726874999999999 0.5492083333333333 0.038515625 0.11839583333333333
39 0.895671875 0.5158541666666667 0.025078125 0.05502083333333333
39 0.9352031249999999 0.5075 0.026015624999999997 0.0516875
39 0.955203125 0.6555625 0.020828125 0.075
41 0.047390625 0.8020833333333334 0.094796875 0.17639583333333334