47 0.89296875 0.9385416666666667 0.1109375 0.11875
45 0.596875 0.8520833333333333 0.1875 0.15416666666666667
41 0.39765625 0.759375 0.1578125 0.28541666666666665
39 0.826609375 0.6563541666666667 0.08071874999999999 0.4410625
39 0.63115625 0.587125 0.0491875 0.15260416666666668
39 0.69303125 0.5890000000000001 0.0479375 0.1521875
39 0.7513124999999999 0.597125 0.056359375 0.13927083333333332
46 0.62803125 0.8144791666666666 0.1179375 0.078125
39 0.9421875 0.56875 0.055203125 0.15972916666666667
39 0.986453125 0.5708333333333333 0.027078124999999998 0.18056250000000001
39 0.9880156250000001 0.8465208333333333 0.023953125 0.17639583333333334