39 0.41484375 0.60625 0.0515625 0.26666666666666666
39 0.6515625 0.5854166666666667 0.040625 0.15
39 0.70859375 0.5989583333333334 0.0546875 0.16458333333333333
39 0.775 0.5458333333333333 0.04375 0.17083333333333334
45 0.571421875 0.7410625 0.11160937500000001 0.11110416666666666
45 0.33259375 0.7192500000000001 0.071421875 0.0694375
41 0.077375 0.8214375 0.154765625 0.35714583333333333
41 0.615703125 0.7743125000000001 0.093 0.16964583333333336
41 0.655875 0.7440416666666666 0.078125 0.13491666666666668
41 0.72246875 0.7554583333333333 0.075890625 0.1478125
41 0.82403125 0.7237083333333333 0.064734375 0.16368749999999999