40 0.5109375 0.628125 0.0625 0.11458333333333333
39 0.6578125 0.5875 0.025 0.12916666666666668
39 0.8234375 0.61875 0.040625 0.1375
39 0.79140625 0.6166666666666667 0.0234375 0.13333333333333333
41 0.40546875 0.653125 0.0484375 0.09791666666666667
41 0.45859375 0.6125 0.0640625 0.1375
39 0.056921875 0.6076458333333333 0.05134375 0.10020833333333333
39 0.01153125 0.6378958333333333 0.0230625 0.09920833333333333
39 0.86234375 0.5793750000000001 0.03421875 0.12302083333333333
41 0.73140625 0.65625 0.041671875000000004 0.07241666666666666
41 0.765625 0.65525 0.049109375 0.07241666666666666
45 0.615328125 0.6324375 0.03421875 0.04066666666666666
71 0.116078125 0.6661666666666667 0.18303125 0.0625