39 0.4625 0.565625 0.046875 0.18541666666666667
39 0.72109375 0.6395833333333333 0.0390625 0.19166666666666668
39 0.74921875 0.66875 0.0640625 0.225
39 0.86328125 0.6135416666666667 0.0640625 0.23125
41 0.47734375 0.7895833333333333 0.1015625 0.1625
41 0.72890625 0.8364583333333333 0.0734375 0.14791666666666667
41 0.65625 0.81875 0.090625 0.1625
41 0.5609375 0.803125 0.075 0.13958333333333334
41 0.069203125 0.6731250000000001 0.1324375 0.235125
45 0.36309375 0.6775833333333333 0.053578125 0.06547916666666667
41 0.8057968750000001 0.8412708333333333 0.084828125 0.2103125