39 0.434375 0.548958 0.03125 0.09375 0.31249
39 0.407813 0.567708 0.034375 0.10625 0.325417
39 0.378906 0.597917 0.0453125 0.2 0.345367
39 0.509375 0.788542 0.071875 0.15625 0.499775
41 0.264062 0.786458 0.04375 0.09375 0.544286
39 0.442187 0.645833 0.046875 0.2875 0.605035
41 0.328125 0.794792 0.090625 0.21875 0.679153
39 0.316406 0.586458 0.107813 0.31875 0.69444
47 0.0375 0.690625 0.065625 0.0895833 0.755073
45 0.1875 0.769792 0.15625 0.122917 0.857493
39 0.407813 0.780208 0.075 0.322917 0.899482
39 0.5875 0.727083 0.096875 0.458333 0.933527
