39 0.0914062 0.5875 0.0453125 0.166667 0.254454
39 0.388281 0.544792 0.0234375 0.110417 0.267468
45 0.305469 0.919792 0.185937 0.160417 0.289973
39 0.5 0.641667 0.053125 0.3 0.417754
39 0.142969 0.560417 0.0390625 0.1 0.455792
39 0.0453125 0.548958 0.084375 0.23125 0.635152
47 0.0382813 0.938542 0.0765625 0.122917 0.687288
45 0.654688 0.933333 0.146875 0.133333 0.713239
39 0.250781 0.764583 0.0828125 0.295833 0.756665
39 0.401563 0.675 0.06875 0.383333 0.779535
39 0.457031 0.70625 0.0828125 0.404167 0.796912
