39 0.464844 0.645833 0.0234375 0.1 0.265953
71 0.0796875 0.6875 0.15625 0.0541667 0.358113
39 0.434375 0.66875 0.025 0.0791667 0.361198
39 0.725781 0.627083 0.0390625 0.125 0.37597
39 0.676562 0.566667 0.025 0.0625 0.40544
41 0.547656 0.636458 0.0484375 0.114583 0.483116
41 0.383594 0.673958 0.0453125 0.08125 0.542114
39 0.722656 0.544792 0.0390625 0.102083 0.551864
39 0.808594 0.634375 0.0328125 0.135417 0.61226
39 0.844531 0.591667 0.0390625 0.1375 0.671351
47 0.746875 0.689583 0.040625 0.0583333 0.720757
45 0.633594 0.667708 0.0734375 0.0520833 0.745865
45 0.977344 0.691667 0.0453125 0.0541667 0.749856
39 0.886719 0.613542 0.0390625 0.185417 0.781351
