41 0.929688 0.964583 0.140625 0.0708333 0.271491
45 0.514063 0.908333 0.3 0.183333 0.273753
39 0.294531 0.616667 0.0484375 0.241667 0.306118
41 0.096875 0.670833 0.1125 0.220833 0.313126
39 0.396875 0.56875 0.040625 0.145833 0.358077
39 0.78125 0.658333 0.053125 0.308333 0.378659
39 0.523438 0.748958 0.078125 0.28125 0.445017
39 0.439063 0.548958 0.03125 0.09375 0.502193
39 0.346875 0.53125 0.08125 0.208333 0.529098
47 0.322656 0.883333 0.0984375 0.1375 0.581049
39 0.674219 0.683333 0.0765625 0.383333 0.775688
39 0.728906 0.721875 0.0921875 0.414583 0.775803
