39 0.682031 0.633333 0.0234375 0.1125 0.473044
39 0.539062 0.570833 0.028125 0.1 0.515339
39 0.482031 0.692708 0.0453125 0.302083 0.552391
39 0.74375 0.629167 0.04375 0.145833 0.598009
47 0.602344 0.84375 0.0859375 0.129167 0.693934
39 0.28125 0.675 0.059375 0.2625 0.71256
39 0.467969 0.642708 0.0546875 0.35625 0.747875
39 0.614844 0.672917 0.0640625 0.275 0.796879
39 0.510938 0.717708 0.071875 0.34375 0.811722
39 0.559375 0.701042 0.05 0.33125 0.814622
39 0.201562 0.620833 0.0875 0.429167 0.887579
