69 0.220313 0.871875 0.403125 0.25625 0.268014
41 0.428125 0.847917 0.0875 0.120833 0.313032
41 0.0171875 0.864583 0.034375 0.270833 0.33453
39 0.342187 0.654167 0.046875 0.283333 0.368503
39 0.0171875 0.864583 0.034375 0.270833 0.378516
39 0.408594 0.584375 0.0390625 0.14375 0.519947
39 0.460156 0.764583 0.0296875 0.154167 0.542008
39 0.3625 0.598958 0.059375 0.152083 0.648619
39 0.484375 0.595833 0.046875 0.141667 0.716068
39 0.427344 0.596875 0.0578125 0.14375 0.779024
39 0.651563 0.78125 0.08125 0.320833 0.853238
39 0.542188 0.691667 0.1 0.516667 0.887109
45 0.322656 0.882292 0.198437 0.172917 0.890827
39 0.753125 0.680208 0.0875 0.397917 0.919405
