39 0.661719 0.54375 0.0359375 0.15 0.293337
39 0.410937 0.58125 0.053125 0.154167 0.302462
39 0.353906 0.589583 0.0546875 0.15 0.375265
39 0.452344 0.727083 0.0296875 0.1 0.417106
39 0.624219 0.553125 0.0484375 0.152083 0.640645
39 0.74375 0.625 0.059375 0.316667 0.651195
41 0.1 0.802083 0.19375 0.329167 0.65808
47 0.60625 0.901042 0.090625 0.14375 0.67184
39 0.705469 0.725 0.0765625 0.2875 0.698965
45 0.328125 0.859375 0.19375 0.160417 0.764638
39 0.535156 0.640625 0.0953125 0.41875 0.77674
39 0.828906 0.646875 0.0703125 0.339583 0.810502
