39 0.384375 0.632292 0.034375 0.16875 0.252673
39 0.354688 0.617708 0.046875 0.185417 0.263988
39 0.4125 0.61875 0.034375 0.179167 0.309007
46 0.117188 0.863542 0.159375 0.10625 0.588044
39 0.447656 0.644792 0.0640625 0.177083 0.610627
39 0.3 0.621875 0.05625 0.164583 0.642513
39 0.479688 0.598958 0.040625 0.11875 0.711487
39 0.575 0.673958 0.059375 0.247917 0.817379
47 0.742188 0.83125 0.0875 0.129167 0.840976
41 0.576563 0.909375 0.11875 0.135417 0.878012
45 0.155469 0.89375 0.201562 0.179167 0.88528
