69 0.500781 0.865625 0.367188 0.26875 0.598629
46 0.141406 0.790625 0.151562 0.164583 0.722307
39 0.846094 0.726042 0.0578125 0.34375 0.764914
39 0.914062 0.71875 0.078125 0.316667 0.765128
47 0.892187 0.897917 0.10625 0.145833 0.768662
39 0.558594 0.657292 0.0578125 0.239583 0.813256
39 0.789062 0.745833 0.084375 0.370833 0.816037
39 0.746875 0.664583 0.06875 0.379167 0.823342
39 0.485156 0.605208 0.0765625 0.402083 0.861115
39 0.246094 0.664583 0.0703125 0.391667 0.869415
45 0.171094 0.853125 0.185937 0.15625 0.926839
