39 0.584375 0.715625 0.171875 0.31875 0.268567
45 0.209375 0.917708 0.3375 0.164583 0.362063
39 0.228125 0.767708 0.0875 0.302083 0.37665
39 0.445312 0.603125 0.059375 0.202083 0.402348
39 0.0859375 0.597917 0.071875 0.145833 0.448184
39 0.48125 0.639583 0.05 0.3 0.507557
39 0.124219 0.559375 0.0390625 0.0979167 0.546479
47 0.025 0.940625 0.05 0.11875 0.62656
39 0.435156 0.728125 0.0828125 0.452083 0.665053
39 0.0375 0.683333 0.075 0.5 0.795674
39 0.382031 0.68125 0.0703125 0.404167 0.824892
45 0.629687 0.932292 0.15 0.135417 0.826973
