39 0.64375 0.5875 0.025 0.1125 0.27563
39 0.5375 0.634375 0.025 0.08125 0.284904
39 0.341406 0.6125 0.0484375 0.179167 0.292279
41 0.45 0.671875 0.040625 0.05625 0.300689
41 0.678906 0.669792 0.0296875 0.0395833 0.3271
39 0.307813 0.579167 0.034375 0.25 0.350725
41 0.239844 0.653125 0.0359375 0.0895833 0.36711
71 0.0945313 0.686458 0.185937 0.0645833 0.399878
39 0.435156 0.629167 0.0296875 0.0916667 0.450217
39 0.482812 0.636458 0.028125 0.0979167 0.486656
39 0.721875 0.594792 0.046875 0.20625 0.71075
45 0.632031 0.667708 0.0703125 0.0520833 0.724022
39 0.767969 0.635417 0.0359375 0.133333 0.776448
39 0.825781 0.6125 0.0421875 0.1875 0.827561
