39 0.560938 0.616667 0.025 0.158333 0.265111
71 0.0757812 0.686458 0.151562 0.05625 0.279932
41 0.230469 0.652083 0.0359375 0.0833333 0.363347
41 0.619531 0.675 0.0453125 0.0458333 0.452524
39 0.513281 0.610417 0.0390625 0.154167 0.459174
39 0.580469 0.609375 0.0328125 0.147917 0.463666
39 0.457812 0.601042 0.025 0.09375 0.506095
45 0.460938 0.679167 0.065625 0.0458333 0.632115
39 0.0195312 0.644792 0.0359375 0.135417 0.713483
47 0.683594 0.65625 0.0359375 0.05 0.747378
39 0.084375 0.658333 0.040625 0.104167 0.762137
39 0.610156 0.602083 0.0265625 0.1 0.764219
