39 0.440625 0.766667 0.03125 0.158333 0.297199
39 0.446094 0.588542 0.0390625 0.152083 0.324081
39 0.63125 0.778125 0.078125 0.322917 0.402618
41 0.408594 0.85 0.0859375 0.120833 0.511569
39 0.409375 0.597917 0.034375 0.145833 0.55318
39 0.385938 0.591667 0.040625 0.1625 0.580787
39 0.466406 0.595833 0.0421875 0.141667 0.599378
39 0.338281 0.601042 0.0515625 0.15625 0.649329
39 0.729688 0.66875 0.08125 0.370833 0.804505
39 0.523438 0.690625 0.1 0.514583 0.878821
45 0.3 0.889583 0.190625 0.175 0.913593
