39 0.661719 0.640625 0.0265625 0.177083 0.302713
39 0.685938 0.632292 0.04375 0.189583 0.305566
69 0.208594 0.625 0.295312 0.4125 0.355513
39 0.632812 0.625 0.04375 0.191667 0.400454
39 0.717969 0.65625 0.0515625 0.179167 0.430869
45 0.966406 0.942708 0.0671875 0.114583 0.43744
46 0.427344 0.817708 0.170312 0.110417 0.468355
39 0.575781 0.619792 0.0546875 0.164583 0.621247
39 0.758594 0.615625 0.0421875 0.127083 0.621892
45 0.440625 0.854167 0.175 0.1625 0.644734
39 0.865625 0.734375 0.08125 0.322917 0.813311
41 0.858594 0.94375 0.142188 0.1125 0.835321
