39 0.58125 0.567708 0.021875 0.0645833 0.275652
39 0.546875 0.566667 0.015625 0.0625 0.276545
39 0.55625 0.653125 0.015625 0.0895833 0.316744
39 0.560938 0.567708 0.01875 0.0645833 0.352043
39 0.533594 0.565625 0.0171875 0.0645833 0.37901
71 0.09375 0.683333 0.184375 0.0625 0.379156
39 0.517187 0.565625 0.021875 0.0604167 0.38768
45 0.474219 0.677083 0.0640625 0.0416667 0.445734
41 0.24375 0.646875 0.034375 0.0729167 0.469294
39 0.0359375 0.6375 0.03125 0.125 0.539354
39 0.620313 0.607292 0.028125 0.114583 0.650381
41 0.628906 0.672917 0.0453125 0.05 0.756784
39 0.101562 0.655208 0.040625 0.102083 0.812716
