39 0.0796875 0.577083 0.034375 0.0625 0.379629
39 0.801562 0.644792 0.04375 0.147917 0.491046
39 0.138281 0.894792 0.0421875 0.20625 0.51481
39 0.151562 0.65 0.046875 0.204167 0.564275
39 0.0375 0.6625 0.075 0.1875 0.566175
39 0.232812 0.615625 0.05 0.127083 0.647394
39 0.189844 0.671875 0.0703125 0.197917 0.688873
39 0.324219 0.71875 0.0609375 0.333333 0.739914
39 0.114844 0.666667 0.0765625 0.195833 0.749216
41 0.354688 0.917708 0.11875 0.139583 0.878482
47 0.499219 0.808333 0.0796875 0.125 0.883777
