39 0.421094 0.665625 0.0265625 0.08125 0.255385
45 0.617969 0.660417 0.0671875 0.05 0.26768
39 0.680469 0.565625 0.0203125 0.0645833 0.270167
41 0.530469 0.678125 0.0390625 0.0729167 0.283262
39 0.325781 0.625 0.0484375 0.158333 0.287774
39 0.705469 0.547917 0.0359375 0.108333 0.3487
39 0.778906 0.565625 0.0234375 0.0729167 0.391145
39 0.657812 0.565625 0.025 0.0604167 0.399967
71 0.0992187 0.690625 0.198437 0.0645833 0.472086
39 0.821875 0.5875 0.0375 0.133333 0.511203
45 0.960156 0.689583 0.0578125 0.0541667 0.57917
39 0.789062 0.626042 0.03125 0.127083 0.606798
39 0.864844 0.608333 0.0359375 0.170833 0.730848
