39 0.876562 0.769792 0.203125 0.385417 0.334467
39 0.500781 0.802083 0.0734375 0.154167 0.335555
41 0.071875 0.669792 0.125 0.21875 0.365608
39 0.505469 0.715625 0.0796875 0.21875 0.416565
39 0.422656 0.544792 0.0296875 0.0895833 0.447223
45 0.140625 0.766667 0.08125 0.1125 0.489549
39 0.3875 0.577083 0.059375 0.133333 0.525476
39 0.328125 0.530208 0.084375 0.214583 0.561038
45 0.914062 0.960417 0.171875 0.0791667 0.59314
39 0.760156 0.657292 0.0484375 0.310417 0.625028
39 0.654688 0.6875 0.071875 0.404167 0.825372
39 0.704687 0.742708 0.090625 0.460417 0.825815
47 0.302344 0.885417 0.0984375 0.145833 0.82766
