41 0.242969 0.65 0.0359375 0.0791667 0.371685
46 0.711719 0.685417 0.0515625 0.0416667 0.444757
71 0.090625 0.685417 0.175 0.0583333 0.488677
47 0.765625 0.678125 0.04375 0.0520833 0.495318
39 0.716406 0.596875 0.0390625 0.164583 0.56884
39 0.744531 0.621875 0.0328125 0.15625 0.623926
39 0.776563 0.614583 0.03125 0.1375 0.688346
39 0.591406 0.601042 0.0390625 0.210417 0.719688
39 0.621875 0.617708 0.028125 0.13125 0.7554
39 0.488281 0.582292 0.0296875 0.135417 0.757682
45 0.471875 0.670833 0.06875 0.05 0.816996
