41 0.671094 0.673958 0.0296875 0.04375 0.259647
39 0.691406 0.567708 0.0203125 0.0645833 0.282179
39 0.526563 0.635417 0.025 0.0958333 0.311165
39 0.485156 0.633333 0.0203125 0.0875 0.336243
39 0.467969 0.6375 0.0234375 0.0958333 0.419477
39 0.6375 0.564583 0.025 0.0625 0.463567
71 0.103125 0.691667 0.20625 0.075 0.518992
41 0.432031 0.648958 0.0546875 0.127083 0.55374
39 0.667188 0.566667 0.028125 0.0625 0.60552
39 0.715625 0.6 0.04375 0.2125 0.634423
39 0.763281 0.64375 0.0359375 0.141667 0.790794
45 0.622656 0.671875 0.0734375 0.0520833 0.837074
39 0.822656 0.610417 0.0421875 0.183333 0.874663
