41 0.599219 0.661458 0.0390625 0.06875 0.250014
39 0.438281 0.732292 0.0296875 0.102083 0.253886
46 0.341406 0.826042 0.129688 0.08125 0.306655
39 0.939062 0.763542 0.084375 0.222917 0.317018
39 0.657812 0.541667 0.03125 0.141667 0.317214
39 0.707812 0.51875 0.01875 0.0916667 0.35902
41 0.0875 0.811458 0.175 0.335417 0.541527
39 0.404687 0.585417 0.059375 0.154167 0.577749
45 0.980469 0.805208 0.0390625 0.127083 0.58945
39 0.678125 0.54375 0.046875 0.145833 0.63854
39 0.520312 0.652083 0.09375 0.441667 0.645238
39 0.341406 0.59375 0.0546875 0.15 0.750684
39 0.622656 0.554167 0.0515625 0.154167 0.752298
39 0.730469 0.630208 0.0578125 0.327083 0.787119
39 0.694531 0.733333 0.0765625 0.295833 0.824269
39 0.817969 0.657292 0.0765625 0.352083 0.855066
47 0.590625 0.915625 0.09375 0.152083 0.867027
45 0.307813 0.869792 0.196875 0.16875 0.878222
