39 0.985937 0.780208 0.028125 0.40625 0.260334
60 0.471875 0.866667 0.91875 0.266667 0.266686
39 0.210938 0.66875 0.0625 0.241667 0.364165
39 0.928906 0.786458 0.139062 0.422917 0.375953
39 0.878125 0.784375 0.09375 0.427083 0.480761
39 0.817187 0.763542 0.090625 0.38125 0.524492
39 0.779688 0.676042 0.08125 0.38125 0.646142
39 0.580469 0.670833 0.0640625 0.25 0.661799
39 0.50625 0.619792 0.08125 0.41875 0.789165
39 0.257812 0.660417 0.071875 0.375 0.797668
45 0.182031 0.867708 0.192188 0.164583 0.868056
