69 0.165625 0.794792 0.33125 0.247917 0.383787
39 0.392188 0.59375 0.034375 0.141667 0.431406
74 0.657031 0.713542 0.0546875 0.0770833 0.466631
39 0.0804688 0.608333 0.0453125 0.2 0.583167
39 0.421875 0.63125 0.059375 0.3375 0.672722
45 0.0164062 0.710417 0.0328125 0.0875 0.714817
39 0.327344 0.619792 0.0421875 0.210417 0.730935
39 0.478906 0.714583 0.0703125 0.358333 0.820848
39 0.0539063 0.594792 0.0609375 0.285417 0.830641
47 0.410156 0.85 0.0890625 0.1375 0.834198
39 0.249219 0.570833 0.0734375 0.345833 0.852819
39 0.360938 0.70625 0.06875 0.341667 0.862425
