45 0.698438 0.863542 0.0875 0.11875 0.36389
41 0.697656 0.863542 0.0890625 0.122917 0.38522
39 0.764063 0.607292 0.053125 0.160417 0.388637
39 0.733594 0.788542 0.0328125 0.16875 0.503779
39 0.635938 0.6 0.059375 0.158333 0.61446
39 0.703125 0.605208 0.0625 0.15625 0.69274
41 0.0898438 0.833333 0.173438 0.333333 0.837734
39 0.949219 0.83125 0.101562 0.3375 0.863026
41 0.252344 0.835417 0.167187 0.325 0.912796
45 0.5875 0.872917 0.18125 0.1625 0.91318
39 0.823438 0.723958 0.121875 0.552083 0.917776
