45 0.932031 0.919792 0.135937 0.160417 0.273011
39 0.900781 0.798958 0.0734375 0.152083 0.298883
39 0.0617188 0.895833 0.0765625 0.208333 0.305837
39 0.935938 0.578125 0.0625 0.164583 0.339597
39 0.98125 0.577083 0.0375 0.170833 0.342192
39 0.9875 0.802083 0.025 0.279167 0.37566
39 0.685938 0.591667 0.05625 0.154167 0.381949
39 0.726562 0.742708 0.03125 0.102083 0.457685
41 0.398438 0.760417 0.15625 0.283333 0.510005
39 0.819531 0.669792 0.114063 0.45625 0.514383
39 0.628125 0.590625 0.059375 0.15625 0.591824
47 0.89375 0.939583 0.1125 0.120833 0.690162
45 0.597656 0.854167 0.185937 0.154167 0.816453
