60 0.5 0.764583 0.990625 0.466667 0.302948
39 0.385156 0.557292 0.0296875 0.05625 0.304762
39 0.44375 0.617708 0.034375 0.164583 0.424296
39 0.599219 0.679167 0.0609375 0.25 0.540205
39 0.410156 0.642708 0.0640625 0.18125 0.659008
39 0.514063 0.607292 0.040625 0.122917 0.728794
46 0.152344 0.883333 0.179688 0.1125 0.758236
39 0.476562 0.654167 0.06875 0.183333 0.780466
39 0.339063 0.630208 0.078125 0.177083 0.781826
47 0.775781 0.838542 0.0921875 0.135417 0.892213
41 0.61875 0.919792 0.11875 0.139583 0.895059
45 0.186719 0.907292 0.204688 0.185417 0.911061
