39 0.473437 0.663542 0.04375 0.0979167 0.31573
41 0.248437 0.65 0.034375 0.075 0.345481
45 0.869531 0.68125 0.0578125 0.05 0.372642
39 0.858594 0.596875 0.0234375 0.135417 0.432238
41 0.0234375 0.63125 0.034375 0.0833333 0.445731
45 0.514063 0.688542 0.040625 0.0479167 0.501869
71 0.113281 0.689583 0.223438 0.075 0.539778
45 0.978125 0.689583 0.04375 0.0541667 0.671515
39 0.55625 0.592708 0.0375 0.14375 0.672357
39 0.834375 0.60625 0.025 0.158333 0.732804
68 0.717969 0.615625 0.223438 0.16875 0.861228
