49 0.766908 0.141 0.0458937 0.026
49 0.847826 0.131 0.21256 0.046
49 0.148551 0.738 0.0700483 0.064
49 0.810386 0.133 0.0458937 0.03
49 0.0736715 0.758 0.0458937 0.048
49 0.911836 0.123 0.089372 0.03
39 0.297101 0.247 0.0772947 0.078
49 0.160628 0.801 0.0652174 0.05
39 0.714976 0.477 0.057971 0.082
49 0.85628 0.126 0.0507246 0.032
49 0.0917874 0.807 0.0676328 0.058
39 0.184783 0.256 0.0603865 0.064
49 0.213768 0.745 0.0700483 0.062
39 0.0736715 0.249 0.0797101 0.078
39 0.711353 0.412 0.0652174 0.208
39 0.44686 0.218 0.0531401 0.136
72 0.502415 0.501 0.995169 0.998
