48 0.88125 0.682813 0.2375 0.275
39 0.515625 0.348437 0.172917 0.165625
54 0.189583 0.628125 0.0833333 0.05625
56 0.120833 0.104687 0.241667 0.209375
45 0.120833 0.403906 0.241667 0.132812
54 0.096875 0.627344 0.0895833 0.0671875
42 0.927083 0.327344 0.145833 0.0359375
43 0.947917 0.458594 0.104167 0.0359375
39 0.422917 0.292969 0.129167 0.129688
54 0.519792 0.714063 0.377083 0.25
42 0.923958 0.513281 0.152083 0.126563
45 0.341667 0.410156 0.220833 0.132812
44 0.964583 0.496875 0.0708333 0.078125
41 0.663542 0.450781 0.297917 0.239063
45 0.497917 0.19375 0.233333 0.10625
60 0.5 0.573438 1 0.85
45 0.197917 0.619531 0.395833 0.342187
