70 0.0632813 0.514583 0.123438 0.225 0.315354
41 0.113281 0.63125 0.154687 0.2625 0.330223
71 0.272656 0.809375 0.320312 0.302083 0.34718
39 0.9 0.691667 0.06875 0.233333 0.417825
39 0.986719 0.628125 0.0265625 0.222917 0.512673
41 0.801562 0.838542 0.1 0.16875 0.598865
41 0.696875 0.830208 0.08125 0.13125 0.625436
39 0.846875 0.604167 0.04375 0.1 0.62619
41 0.874219 0.863542 0.0984375 0.152083 0.67522
41 0.624219 0.803125 0.0734375 0.16875 0.711448
41 0.208594 0.673958 0.110937 0.222917 0.742906
41 0.9625 0.867708 0.075 0.222917 0.79766
39 0.571094 0.572917 0.0453125 0.183333 0.824975
