41 0.696094 0.739583 0.0640625 0.154167 0.329131
41 0.078125 0.75625 0.153125 0.375 0.541309
41 0.907031 0.708333 0.0609375 0.141667 0.555081
41 0.814844 0.730208 0.0953125 0.122917 0.624593
45 0.64375 0.722917 0.065625 0.0958333 0.637007
41 0.599219 0.854167 0.110937 0.1125 0.725172
39 0.850781 0.577083 0.0453125 0.233333 0.746879
39 0.8 0.546875 0.05625 0.0645833 0.76966
41 0.216406 0.771875 0.148438 0.289583 0.776246
39 0.726562 0.577083 0.0375 0.141667 0.812504
39 0.507031 0.59375 0.0453125 0.245833 0.839339
