71 0.167187 0.840625 0.334375 0.21875 0.339487
41 0.0867188 0.675 0.126563 0.220833 0.556996
39 0.864844 0.613542 0.0640625 0.227083 0.568384
39 0.720312 0.638542 0.040625 0.189583 0.631441
41 0.805469 0.834375 0.0828125 0.20625 0.662611
41 0.5625 0.8125 0.075 0.120833 0.758168
41 0.73125 0.840625 0.071875 0.147917 0.811348
39 0.75 0.66875 0.0625 0.220833 0.821907
39 0.464063 0.565625 0.046875 0.185417 0.831864
41 0.65625 0.821875 0.090625 0.160417 0.847438
41 0.476562 0.790625 0.103125 0.164583 0.878121
