41 0.0445312 0.81875 0.0890625 0.320833 0.250675
39 0.775781 0.678125 0.0640625 0.227083 0.312496
41 0.71875 0.748958 0.05 0.0895833 0.367032
45 0.280469 0.719792 0.0640625 0.0645833 0.415026
45 0.498437 0.739583 0.05625 0.0958333 0.416925
39 0.732813 0.548958 0.04375 0.172917 0.642877
41 0.546094 0.765625 0.0765625 0.15625 0.64433
41 0.666406 0.744792 0.0671875 0.13125 0.691667
39 0.661719 0.6 0.0578125 0.166667 0.695302
39 0.609375 0.5875 0.04375 0.15 0.754178
39 0.370313 0.60625 0.05 0.258333 0.796161
