39 0.867188 0.573958 0.025 0.102083 0.264644
41 0.764063 0.646875 0.04375 0.0854167 0.28639
41 0.729688 0.655208 0.05 0.0645833 0.303859
41 0.0289063 0.602083 0.0546875 0.133333 0.325568
39 0.816406 0.639583 0.0265625 0.1 0.348814
39 0.8625 0.61875 0.028125 0.125 0.366808
39 0.792969 0.582292 0.0203125 0.0645833 0.492155
41 0.514063 0.638542 0.040625 0.0895833 0.591007
39 0.81875 0.591667 0.03125 0.0833333 0.632959
71 0.103906 0.666667 0.201562 0.0583333 0.691692
39 0.661719 0.594792 0.0234375 0.14375 0.723283
