39 0.828906 0.678125 0.0640625 0.21875 0.257519
45 0.339844 0.714583 0.0640625 0.0666667 0.480439
45 0.555469 0.7375 0.0578125 0.0958333 0.527023
39 0.7125 0.598958 0.059375 0.164583 0.61133
41 0.0789063 0.80625 0.157813 0.316667 0.662599
41 0.739844 0.74375 0.101562 0.129167 0.663435
69 0.339844 0.870833 0.376563 0.258333 0.700928
39 0.779688 0.582292 0.046875 0.239583 0.737233
39 0.65625 0.58125 0.0375 0.145833 0.786546
41 0.604688 0.764583 0.078125 0.15 0.801031
39 0.425 0.608333 0.04375 0.266667 0.838352
